CaseId,b52,b73,lid,flow,cost
 1,   0,   0, 1, 50.3766, 20.0000
 1,   0,   0, 2,  0.0000,  5.0000
 1,   0,   0, 3, 49.6234,  5.0000
 1,   0,   0, 4, 87.9461,  3.1759
 1,   0,   0, 5,110.9343, 21.2219
 1,   0,   0, 6,  0.0000,  2.0000
 1,   0,   0, 7, 37.5695, 12.0000
 1,   0,   0, 8, 22.9882, 25.0000
 1,   0,   0, 9,  0.0000,  3.0000
 1,   0,   0,10, 39.4423,  4.0000
 1,   0,   0,11,  0.0000,  3.0000
 1,   0,   0,12, 89.0657, 40.0000
 2,   0,  50, 1, 66.6915, 20.0000
 2,   0,  50, 2,  0.0000,  5.0000
 2,   0,  50, 3, 89.6781,  5.0002
 2,   0,  50, 4,120.9741,  3.2419
 2,   0,  50, 5,204.1949, 21.4084
 2,   0,  50, 6,  0.0000,  2.0000
 2,   0,  50, 7, 54.2826, 12.0000
 2,   0,  50, 8, 33.2486, 25.0000
 2,   0,  50, 9,  0.0000,  3.0000
 2,   0,  50,10, 83.2010,  4.0001
 2,   0,  50,11, 49.9723,  3.0000
 2,   0,  50,12,122.9068, 40.0000
 3,   0, 100, 1, 81.5340, 20.0000
 3,   0, 100, 2,  0.0000,  5.0000
 3,   0, 100, 3,126.3886,  5.0006
 3,   0, 100, 4,153.8105,  3.3076
 3,   0, 100, 5,298.1613, 21.5963
 3,   0, 100, 6,  0.0000,  2.0000
 3,   0, 100, 7, 72.2765, 12.0000
 3,   0, 100, 8, 44.3653, 25.0000
 3,   0, 100, 9,  0.0000,  3.0000
 3,   0, 100,10,130.6912,  4.0007
 3,   0, 100,11, 99.9854,  3.0000
 3,   0, 100,12,157.0944, 40.0001
 4,   0, 150, 1, 94.8596, 20.0000
 4,   0, 150, 2,  0.0000,  5.0000
 4,   0, 150, 3,159.6072,  5.0016
 4,   0, 150, 4,186.4430,  3.3729
 4,   0, 150, 5,392.8313, 21.7857
 4,   0, 150, 6,  0.0000,  2.0000
 4,   0, 150, 7, 91.5834, 12.0000
 4,   0, 150, 8, 56.3657, 25.0000
 4,   0, 150, 9,  0.0000,  3.0000
 4,   0, 150,10,182.0383,  4.0026
 4,   0, 150,11,150.0226,  3.0000
 4,   0, 150,12,191.6229, 40.0002
 5,   0, 200, 1,106.8190, 20.0000
 5,   0, 200, 2,  0.0000,  5.0000
 5,   0, 200, 3,189.6680,  5.0031
 5,   0, 200, 4,218.7979,  3.4376
 5,   0, 200, 5,487.8615, 21.9757
 5,   0, 200, 6,  0.0000,  2.0000
 5,   0, 200, 7,111.9788, 12.0000
 5,   0, 200, 8, 69.1182, 25.0000
 5,   0, 200, 9,  0.0000,  3.0000
 5,   0, 200,10,236.6792,  4.0075
 5,   0, 200,11,199.9454,  3.0000
 5,   0, 200,12,226.4019, 40.0004
 6,   0, 250, 1,117.4071, 20.0000
 6,   0, 250, 2,  0.0000,  5.0000
 6,   0, 250, 3,216.5227,  5.0053
 6,   0, 250, 4,251.0582,  3.5021
 6,   0, 250, 5,583.8291, 22.1677
 6,   0, 250, 6,  0.0000,  2.0000
 6,   0, 250, 7,133.6511, 12.0000
 6,   0, 250, 8, 82.7463, 25.0000
 6,   0, 250, 9,  0.0000,  3.0000
 6,   0, 250,10,295.1248,  4.0182
 6,   0, 250,11,250.0245,  3.0000
 6,   0, 250,12,261.6229, 40.0007
 7,   0, 300, 1,126.9104, 20.0000
 7,   0, 300, 2,  0.0000,  5.0000
 7,   0, 300, 3,240.8533,  5.0081
 7,   0, 300, 4,283.0738,  3.5661
 7,   0, 300, 5,680.0183, 22.3600
 7,   0, 300, 6,  0.0000,  2.0000
 7,   0, 300, 7,156.1633, 12.0000
 7,   0, 300, 8, 96.9843, 25.0000
 7,   0, 300, 9,  0.0000,  3.0000
 7,   0, 300,10,356.1911,  4.0386
 7,   0, 300,11,299.9602,  3.0000
 7,   0, 300,12,297.0842, 40.0012
 8,   0, 350, 1,135.1807, 20.0000
 8,   0, 350, 2,  0.0000,  5.0000
 8,   0, 350, 3,262.2599,  5.0114
 8,   0, 350, 4,315.0172,  3.6300
 8,   0, 350, 5,777.0363, 22.5541
 8,   0, 350, 6,  0.0000,  2.0000
 8,   0, 350, 7,179.8365, 12.0000
 8,   0, 350, 8,112.0391, 25.0000
 8,   0, 350, 9,  0.0000,  3.0000
 8,   0, 350,10,420.6681,  4.0752
 8,   0, 350,11,349.9800,  3.0000
 8,   0, 350,12,332.9480, 40.0018
 9,   0, 400, 1,142.3995, 20.0000
 9,   0, 400, 2,  0.0000,  5.0000
 9,   0, 400, 3,281.1679,  5.0150
 9,   0, 400, 4,346.9012,  3.6938
 9,   0, 400, 5,874.6987, 22.7494
 9,   0, 400, 6,  0.0000,  2.0000
 9,   0, 400, 7,204.5016, 12.0000
 9,   0, 400, 8,127.8119, 25.0000
 9,   0, 400, 9,  0.0000,  3.0000
 9,   0, 400,10,487.9671,  4.1361
 9,   0, 400,11,399.9857,  3.0000
 9,   0, 400,12,369.1493, 40.0028
10,  50,   0, 1, 67.7149, 20.0000
10,  50,   0, 2, 23.9968,  5.0000
10,  50,   0, 3, 66.8566,  5.0000
10,  50,   0, 4,172.4049,  3.3448
10,  50,   0, 5,205.9746, 21.4119
10,  50,   0, 6, 49.9728,  2.0000
10,  50,   0, 7, 54.7172, 12.0000
10,  50,   0, 8, 33.5697, 25.0000
10,  50,   0, 9, 25.9760,  3.0000
10,  50,   0,10, 57.6362,  4.0000
10,  50,   0,11,  0.0000,  3.0000
10,  50,   0,12,124.4928, 40.0000
11,  50,  50, 1, 66.5979, 20.0000
11,  50,  50, 2, 22.4508,  5.0000
11,  50,  50, 3, 89.5819,  5.0002
11,  50,  50, 4,168.6321,  3.3373
11,  50,  50, 5,251.8947, 21.5038
11,  50,  50, 6, 47.7576,  2.0000
11,  50,  50, 7, 54.2766, 12.0000
11,  50,  50, 8, 33.2939, 25.0000
11,  50,  50, 9, 25.3068,  3.0000
11,  50,  50,10, 83.3719,  4.0001
11,  50,  50,11, 49.9687,  3.0000
11,  50,  50,12,122.9851, 40.0000
12,  50, 100, 1, 67.7319, 20.0000
12,  50, 100, 2, 24.0202,  5.0000
12,  50, 100, 3, 92.3889,  5.0002
12,  50, 100, 4,172.4153,  3.3448
12,  50, 100, 5,258.2933, 21.5166
12,  50, 100, 6, 49.9781,  2.0000
12,  50, 100, 7, 54.7053, 12.0000
12,  50, 100, 8, 33.5623, 25.0000
12,  50, 100, 9, 25.9579,  3.0000
12,  50, 100,10, 84.5165,  4.0001
12,  50, 100,11, 52.3157,  3.0000
12,  50, 100,12,124.5897, 40.0000
13,  50, 150, 1, 67.7319, 20.0000
13,  50, 150, 2, 24.0202,  5.0000
13,  50, 150, 3, 92.3889,  5.0002
13,  50, 150, 4,172.4153,  3.3448
13,  50, 150, 5,258.2933, 21.5166
13,  50, 150, 6, 49.9781,  2.0000
13,  50, 150, 7, 54.7053, 12.0000
13,  50, 150, 8, 33.5623, 25.0000
13,  50, 150, 9, 25.9579,  3.0000
13,  50, 150,10, 84.5165,  4.0001
13,  50, 150,11, 52.3157,  3.0000
13,  50, 150,12,124.5897, 40.0000
14,  50, 200, 1, 67.7319, 20.0000
14,  50, 200, 2, 24.0202,  5.0000
14,  50, 200, 3, 92.3889,  5.0002
14,  50, 200, 4,172.4153,  3.3448
14,  50, 200, 5,258.2933, 21.5166
14,  50, 200, 6, 49.9781,  2.0000
14,  50, 200, 7, 54.7053, 12.0000
14,  50, 200, 8, 33.5623, 25.0000
14,  50, 200, 9, 25.9579,  3.0000
14,  50, 200,10, 84.5165,  4.0001
14,  50, 200,11, 52.3157,  3.0000
14,  50, 200,12,124.5897, 40.0000
15,  50, 250, 1, 67.7319, 20.0000
15,  50, 250, 2, 24.0202,  5.0000
15,  50, 250, 3, 92.3889,  5.0002
15,  50, 250, 4,172.4153,  3.3448
15,  50, 250, 5,258.2933, 21.5166
15,  50, 250, 6, 49.9781,  2.0000
15,  50, 250, 7, 54.7053, 12.0000
15,  50, 250, 8, 33.5623, 25.0000
15,  50, 250, 9, 25.9579,  3.0000
15,  50, 250,10, 84.5165,  4.0001
15,  50, 250,11, 52.3157,  3.0000
15,  50, 250,12,124.5897, 40.0000
16,  50, 300, 1, 67.7319, 20.0000
16,  50, 300, 2, 24.0202,  5.0000
16,  50, 300, 3, 92.3889,  5.0002
16,  50, 300, 4,172.4153,  3.3448
16,  50, 300, 5,258.2933, 21.5166
16,  50, 300, 6, 49.9781,  2.0000
16,  50, 300, 7, 54.7053, 12.0000
16,  50, 300, 8, 33.5623, 25.0000
16,  50, 300, 9, 25.9579,  3.0000
16,  50, 300,10, 84.5165,  4.0001
16,  50, 300,11, 52.3157,  3.0000
16,  50, 300,12,124.5897, 40.0000
17,  50, 350, 1, 67.7319, 20.0000
17,  50, 350, 2, 24.0202,  5.0000
17,  50, 350, 3, 92.3889,  5.0002
17,  50, 350, 4,172.4153,  3.3448
17,  50, 350, 5,258.2933, 21.5166
17,  50, 350, 6, 49.9781,  2.0000
17,  50, 350, 7, 54.7053, 12.0000
17,  50, 350, 8, 33.5623, 25.0000
17,  50, 350, 9, 25.9579,  3.0000
17,  50, 350,10, 84.5165,  4.0001
17,  50, 350,11, 52.3157,  3.0000
17,  50, 350,12,124.5897, 40.0000
18,  50, 400, 1, 67.7319, 20.0000
18,  50, 400, 2, 24.0202,  5.0000
18,  50, 400, 3, 92.3889,  5.0002
18,  50, 400, 4,172.4153,  3.3448
18,  50, 400, 5,258.2933, 21.5166
18,  50, 400, 6, 49.9781,  2.0000
18,  50, 400, 7, 54.7053, 12.0000
18,  50, 400, 8, 33.5623, 25.0000
18,  50, 400, 9, 25.9579,  3.0000
18,  50, 400,10, 84.5165,  4.0001
18,  50, 400,11, 52.3157,  3.0000
18,  50, 400,12,124.5897, 40.0000
19, 100,   0, 1, 83.5089, 20.0000
19, 100,   0, 2, 45.8560,  5.0000
19, 100,   0, 3, 82.8525,  5.0001
19, 100,   0, 4,256.6802,  3.5134
19, 100,   0, 5,301.8546, 21.6037
19, 100,   0, 6, 99.9500,  2.0000
19, 100,   0, 7, 73.2213, 12.0000
19, 100,   0, 8, 45.1745, 25.0000
19, 100,   0, 9, 54.0940,  3.0000
19, 100,   0,10, 77.6732,  4.0001
19, 100,   0,11,  0.0000,  3.0000
19, 100,   0,12,160.5257, 40.0001
20, 100,  50, 1, 66.5989, 20.0000
20, 100,  50, 2, 22.4522,  5.0000
20, 100,  50, 3, 89.5845,  5.0002
20, 100,  50, 4,168.6527,  3.3373
20, 100,  50, 5,251.9327, 21.5039
20, 100,  50, 6, 47.7699,  2.0000
20, 100,  50, 7, 54.2839, 12.0000
20, 100,  50, 8, 33.2984, 25.0000
20, 100,  50, 9, 25.3178,  3.0000
20, 100,  50,10, 83.3910,  4.0001
20, 100,  50,11, 49.9816,  3.0000
20, 100,  50,12,122.9940, 40.0000
21, 100, 100, 1, 81.1666, 20.0000
21, 100, 100, 2, 42.6145,  5.0000
21, 100, 100, 3,125.9916,  5.0006
21, 100, 100, 4,248.7001,  3.4974
21, 100, 100, 5,393.2795, 21.7866
21, 100, 100, 6, 95.2609,  2.0000
21, 100, 100, 7, 72.2726, 12.0000
21, 100, 100, 8, 44.5666, 25.0000
21, 100, 100, 9, 52.6464,  3.0000
21, 100, 100,10,131.4586,  4.0007
21, 100, 100,11,100.0127,  3.0000
21, 100, 100,12,157.4374, 40.0001
22, 100, 150, 1, 83.8169, 20.0000
22, 100, 150, 2, 46.2824,  5.0000
22, 100, 150, 3,132.6209,  5.0007
22, 100, 150, 4,256.8078,  3.5136
22, 100, 150, 5,406.9146, 21.8138
22, 100, 150, 6,100.0106,  2.0000
22, 100, 150, 7, 72.9802, 12.0000
22, 100, 150, 8, 45.0245, 25.0000
22, 100, 150, 9, 53.7282,  3.0000
22, 100, 150,10,133.4132,  4.0008
22, 100, 150,11,105.0823,  3.0000
22, 100, 150,12,160.9518, 40.0001
23, 100, 200, 1, 83.8169, 20.0000
23, 100, 200, 2, 46.2824,  5.0000
23, 100, 200, 3,132.6209,  5.0007
23, 100, 200, 4,256.8078,  3.5136
23, 100, 200, 5,406.9146, 21.8138
23, 100, 200, 6,100.0106,  2.0000
23, 100, 200, 7, 72.9802, 12.0000
23, 100, 200, 8, 45.0245, 25.0000
23, 100, 200, 9, 53.7282,  3.0000
23, 100, 200,10,133.4132,  4.0008
23, 100, 200,11,105.0823,  3.0000
23, 100, 200,12,160.9518, 40.0001
24, 100, 250, 1, 83.8169, 20.0000
24, 100, 250, 2, 46.2824,  5.0000
24, 100, 250, 3,132.6209,  5.0007
24, 100, 250, 4,256.8078,  3.5136
24, 100, 250, 5,406.9146, 21.8138
24, 100, 250, 6,100.0106,  2.0000
24, 100, 250, 7, 72.9802, 12.0000
24, 100, 250, 8, 45.0245, 25.0000
24, 100, 250, 9, 53.7282,  3.0000
24, 100, 250,10,133.4132,  4.0008
24, 100, 250,11,105.0823,  3.0000
24, 100, 250,12,160.9518, 40.0001
25, 100, 300, 1, 83.8169, 20.0000
25, 100, 300, 2, 46.2824,  5.0000
25, 100, 300, 3,132.6209,  5.0007
25, 100, 300, 4,256.8078,  3.5136
25, 100, 300, 5,406.9146, 21.8138
25, 100, 300, 6,100.0106,  2.0000
25, 100, 300, 7, 72.9802, 12.0000
25, 100, 300, 8, 45.0245, 25.0000
25, 100, 300, 9, 53.7282,  3.0000
25, 100, 300,10,133.4132,  4.0008
25, 100, 300,11,105.0823,  3.0000
25, 100, 300,12,160.9518, 40.0001
26, 100, 350, 1, 83.8169, 20.0000
26, 100, 350, 2, 46.2824,  5.0000
26, 100, 350, 3,132.6209,  5.0007
26, 100, 350, 4,256.8078,  3.5136
26, 100, 350, 5,406.9146, 21.8138
26, 100, 350, 6,100.0106,  2.0000
26, 100, 350, 7, 72.9802, 12.0000
26, 100, 350, 8, 45.0245, 25.0000
26, 100, 350, 9, 53.7282,  3.0000
26, 100, 350,10,133.4132,  4.0008
26, 100, 350,11,105.0823,  3.0000
26, 100, 350,12,160.9518, 40.0001
27, 100, 400, 1, 83.8169, 20.0000
27, 100, 400, 2, 46.2824,  5.0000
27, 100, 400, 3,132.6209,  5.0007
27, 100, 400, 4,256.8078,  3.5136
27, 100, 400, 5,406.9146, 21.8138
27, 100, 400, 6,100.0106,  2.0000
27, 100, 400, 7, 72.9802, 12.0000
27, 100, 400, 8, 45.0245, 25.0000
27, 100, 400, 9, 53.7282,  3.0000
27, 100, 400,10,133.4132,  4.0008
27, 100, 400,11,105.0823,  3.0000
27, 100, 400,12,160.9518, 40.0001
28, 150,   0, 1, 97.9907, 20.0000
28, 150,   0, 2, 65.8995,  5.0000
28, 150,   0, 3, 97.8110,  5.0002
28, 150,   0, 4,340.8910,  3.6818
28, 150,   0, 5,398.6058, 21.7972
28, 150,   0, 6,149.9953,  2.0000
28, 150,   0, 7, 92.9050, 12.0000
28, 150,   0, 8, 57.7148, 25.0000
28, 150,   0, 9, 84.0958,  3.0000
28, 150,   0,10, 99.4171,  4.0002
28, 150,   0,11,  0.0000,  3.0000
28, 150,   0,12,197.2280, 40.0002
29, 150,  50, 1, 66.5989, 20.0000
29, 150,  50, 2, 22.4522,  5.0000
29, 150,  50, 3, 89.5845,  5.0002
29, 150,  50, 4,168.6527,  3.3373
29, 150,  50, 5,251.9327, 21.5039
29, 150,  50, 6, 47.7699,  2.0000
29, 150,  50, 7, 54.2839, 12.0000
29, 150,  50, 8, 33.2984, 25.0000
29, 150,  50, 9, 25.3178,  3.0000
29, 150,  50,10, 83.3910,  4.0001
29, 150,  50,11, 49.9816,  3.0000
29, 150,  50,12,122.9940, 40.0000
30, 150, 100, 1, 81.3096, 20.0000
30, 150, 100, 2, 42.8122,  5.0000
30, 150, 100, 3,126.3453,  5.0006
30, 150, 100, 4,248.6476,  3.4973
30, 150, 100, 5,393.0942, 21.7862
30, 150, 100, 6, 95.2216,  2.0000
30, 150, 100, 7, 72.1164, 12.0000
30, 150, 100, 8, 44.4696, 25.0000
30, 150, 100, 9, 52.4094,  3.0000
30, 150, 100,10,131.0439,  4.0007
30, 150, 100,11, 99.9770,  3.0000
30, 150, 100,12,157.4122, 40.0001
31, 150, 150, 1, 94.1019, 20.0000
31, 150, 150, 2, 60.5172,  5.0000
31, 150, 150, 3,158.8163,  5.0015
31, 150, 150, 4,327.9225,  3.6558
31, 150, 150, 5,534.6588, 22.0693
31, 150, 150, 6,142.3748,  2.0000
31, 150, 150, 7, 91.4457, 12.0000
31, 150, 150, 8, 56.7553, 25.0000
31, 150, 150, 9, 81.8576,  3.0000
31, 150, 150,10,183.4894,  4.0027
31, 150, 150,11,149.9811,  3.0000
31, 150, 150,12,192.3246, 40.0002
32, 150, 200, 1, 98.4485, 20.0000
32, 150, 200, 2, 66.5329,  5.0000
32, 150, 200, 3,169.8006,  5.0020
32, 150, 200, 4,340.9250,  3.6819
32, 150, 200, 5,556.5551, 22.1131
32, 150, 200, 6,149.9911,  2.0000
32, 150, 200, 7, 92.4855, 12.0000
32, 150, 200, 8, 57.4514, 25.0000
32, 150, 200, 9, 83.4582,  3.0000
32, 150, 200,10,186.4656,  4.0029
32, 150, 200,11,158.1786,  3.0000
32, 150, 200,12,198.0876, 40.0002
33, 150, 250, 1, 98.4485, 20.0000
33, 150, 250, 2, 66.5329,  5.0000
33, 150, 250, 3,169.8006,  5.0020
33, 150, 250, 4,340.9250,  3.6819
33, 150, 250, 5,556.5551, 22.1131
33, 150, 250, 6,149.9911,  2.0000
33, 150, 250, 7, 92.4855, 12.0000
33, 150, 250, 8, 57.4514, 25.0000
33, 150, 250, 9, 83.4582,  3.0000
33, 150, 250,10,186.4656,  4.0029
33, 150, 250,11,158.1786,  3.0000
33, 150, 250,12,198.0876, 40.0002
34, 150, 300, 1, 98.4485, 20.0000
34, 150, 300, 2, 66.5329,  5.0000
34, 150, 300, 3,169.8006,  5.0020
34, 150, 300, 4,340.9250,  3.6819
34, 150, 300, 5,556.5551, 22.1131
34, 150, 300, 6,149.9911,  2.0000
34, 150, 300, 7, 92.4855, 12.0000
34, 150, 300, 8, 57.4514, 25.0000
34, 150, 300, 9, 83.4582,  3.0000
34, 150, 300,10,186.4656,  4.0029
34, 150, 300,11,158.1786,  3.0000
34, 150, 300,12,198.0876, 40.0002
35, 150, 350, 1, 98.4485, 20.0000
35, 150, 350, 2, 66.5329,  5.0000
35, 150, 350, 3,169.8006,  5.0020
35, 150, 350, 4,340.9250,  3.6819
35, 150, 350, 5,556.5551, 22.1131
35, 150, 350, 6,149.9911,  2.0000
35, 150, 350, 7, 92.4855, 12.0000
35, 150, 350, 8, 57.4514, 25.0000
35, 150, 350, 9, 83.4582,  3.0000
35, 150, 350,10,186.4656,  4.0029
35, 150, 350,11,158.1786,  3.0000
35, 150, 350,12,198.0876, 40.0002
36, 150, 400, 1, 98.4485, 20.0000
36, 150, 400, 2, 66.5329,  5.0000
36, 150, 400, 3,169.8006,  5.0020
36, 150, 400, 4,340.9250,  3.6819
36, 150, 400, 5,556.5551, 22.1131
36, 150, 400, 6,149.9911,  2.0000
36, 150, 400, 7, 92.4855, 12.0000
36, 150, 400, 8, 57.4514, 25.0000
36, 150, 400, 9, 83.4582,  3.0000
36, 150, 400,10,186.4656,  4.0029
36, 150, 400,11,158.1786,  3.0000
36, 150, 400,12,198.0876, 40.0002
37, 200,   0, 1,110.9384, 20.0000
37, 200,   0, 2, 83.8194,  5.0000
37, 200,   0, 3,111.4723,  5.0004
37, 200,   0, 4,424.7975,  3.8496
37, 200,   0, 5,496.0788, 21.9922
37, 200,   0, 6,199.9796,  2.0000
37, 200,   0, 7,113.8796, 12.0000
37, 200,   0, 8, 71.2813, 25.0000
37, 200,   0, 9,116.1601,  3.0000
37, 200,   0,10,123.0380,  4.0006
37, 200,   0,11,  0.0000,  3.0000
37, 200,   0,12,234.5103, 40.0005
38, 200,  50, 1, 66.5989, 20.0000
38, 200,  50, 2, 22.4522,  5.0000
38, 200,  50, 3, 89.5845,  5.0002
38, 200,  50, 4,168.6527,  3.3373
38, 200,  50, 5,251.9327, 21.5039
38, 200,  50, 6, 47.7699,  2.0000
38, 200,  50, 7, 54.2839, 12.0000
38, 200,  50, 8, 33.2984, 25.0000
38, 200,  50, 9, 25.3178,  3.0000
38, 200,  50,10, 83.3910,  4.0001
38, 200,  50,11, 49.9816,  3.0000
38, 200,  50,12,122.9940, 40.0000
39, 200, 100, 1, 81.3096, 20.0000
39, 200, 100, 2, 42.8122,  5.0000
39, 200, 100, 3,126.3453,  5.0006
39, 200, 100, 4,248.6476,  3.4973
39, 200, 100, 5,393.0942, 21.7862
39, 200, 100, 6, 95.2216,  2.0000
39, 200, 100, 7, 72.1164, 12.0000
39, 200, 100, 8, 44.4696, 25.0000
39, 200, 100, 9, 52.4094,  3.0000
39, 200, 100,10,131.0439,  4.0007
39, 200, 100,11, 99.9770,  3.0000
39, 200, 100,12,157.4122, 40.0001
40, 200, 150, 1, 94.1019, 20.0000
40, 200, 150, 2, 60.5172,  5.0000
40, 200, 150, 3,158.8163,  5.0015
40, 200, 150, 4,327.9225,  3.6558
40, 200, 150, 5,534.6588, 22.0693
40, 200, 150, 6,142.3748,  2.0000
40, 200, 150, 7, 91.4457, 12.0000
40, 200, 150, 8, 56.7553, 25.0000
40, 200, 150, 9, 81.8576,  3.0000
40, 200, 150,10,183.4894,  4.0027
40, 200, 150,11,149.9811,  3.0000
40, 200, 150,12,192.3246, 40.0002
41, 200, 200, 1,105.5487, 20.0000
41, 200, 200, 2, 76.3600,  5.0000
41, 200, 200, 3,188.3396,  5.0030
41, 200, 200, 4,406.4871,  3.8130
41, 200, 200, 5,676.2968, 22.3526
41, 200, 200, 6,189.2082,  2.0000
41, 200, 200, 7,111.7302, 12.0000
41, 200, 200, 8, 69.8351, 25.0000
41, 200, 200, 9,112.8482,  3.0000
41, 200, 200,10,239.3572,  4.0079
41, 200, 200,11,199.9746,  3.0000
41, 200, 200,12,227.7221, 40.0004
42, 200, 250, 1,111.8750, 20.0000
42, 200, 250, 2, 85.1157,  5.0000
42, 200, 250, 3,204.4812,  5.0042
42, 200, 250, 4,424.9321,  3.8499
42, 200, 250, 5,707.3855, 22.4148
42, 200, 250, 6,200.0095,  2.0000
42, 200, 250, 7,113.0476, 12.0000
42, 200, 250, 8, 70.7552, 25.0000
42, 200, 250, 9,114.8938,  3.0000
42, 200, 250,10,243.2953,  4.0084
42, 200, 250,11,211.6982,  3.0000
42, 200, 250,12,236.0784, 40.0005
43, 200, 300, 1,111.8750, 20.0000
43, 200, 300, 2, 85.1157,  5.0000
43, 200, 300, 3,204.4812,  5.0042
43, 200, 300, 4,424.9321,  3.8499
43, 200, 300, 5,707.3855, 22.4148
43, 200, 300, 6,200.0095,  2.0000
43, 200, 300, 7,113.0476, 12.0000
43, 200, 300, 8, 70.7552, 25.0000
43, 200, 300, 9,114.8938,  3.0000
43, 200, 300,10,243.2953,  4.0084
43, 200, 300,11,211.6982,  3.0000
43, 200, 300,12,236.0784, 40.0005
44, 200, 350, 1,111.8750, 20.0000
44, 200, 350, 2, 85.1157,  5.0000
44, 200, 350, 3,204.4812,  5.0042
44, 200, 350, 4,424.9321,  3.8499
44, 200, 350, 5,707.3855, 22.4148
44, 200, 350, 6,200.0095,  2.0000
44, 200, 350, 7,113.0476, 12.0000
44, 200, 350, 8, 70.7552, 25.0000
44, 200, 350, 9,114.8938,  3.0000
44, 200, 350,10,243.2953,  4.0084
44, 200, 350,11,211.6982,  3.0000
44, 200, 350,12,236.0784, 40.0005
45, 200, 400, 1,111.8750, 20.0000
45, 200, 400, 2, 85.1157,  5.0000
45, 200, 400, 3,204.4812,  5.0042
45, 200, 400, 4,424.9321,  3.8499
45, 200, 400, 5,707.3855, 22.4148
45, 200, 400, 6,200.0095,  2.0000
45, 200, 400, 7,113.0476, 12.0000
45, 200, 400, 8, 70.7552, 25.0000
45, 200, 400, 9,114.8938,  3.0000
45, 200, 400,10,243.2953,  4.0084
45, 200, 400,11,211.6982,  3.0000
45, 200, 400,12,236.0784, 40.0005
46, 250,   0, 1,122.6808, 20.0000
46, 250,   0, 2,100.0712,  5.0000
46, 250,   0, 3,124.1379,  5.0006
46, 250,   0, 4,508.5280,  4.0171
46, 250,   0, 5,594.2564, 22.1885
46, 250,   0, 6,249.9660,  2.0000
46, 250,   0, 7,135.8812, 12.0000
46, 250,   0, 8, 85.7284, 25.0000
46, 250,   0, 9,149.8948,  3.0000
46, 250,   0,10,148.2989,  4.0012
46, 250,   0,11,  0.0000,  3.0000
46, 250,   0,12,272.4368, 40.0008
47, 250,  50, 1, 66.5989, 20.0000
47, 250,  50, 2, 22.4522,  5.0000
47, 250,  50, 3, 89.5845,  5.0002
47, 250,  50, 4,168.6527,  3.3373
47, 250,  50, 5,251.9327, 21.5039
47, 250,  50, 6, 47.7699,  2.0000
47, 250,  50, 7, 54.2839, 12.0000
47, 250,  50, 8, 33.2984, 25.0000
47, 250,  50, 9, 25.3178,  3.0000
47, 250,  50,10, 83.3910,  4.0001
47, 250,  50,11, 49.9816,  3.0000
47, 250,  50,12,122.9940, 40.0000
48, 250, 100, 1, 81.3096, 20.0000
48, 250, 100, 2, 42.8122,  5.0000
48, 250, 100, 3,126.3453,  5.0006
48, 250, 100, 4,248.6476,  3.4973
48, 250, 100, 5,393.0942, 21.7862
48, 250, 100, 6, 95.2216,  2.0000
48, 250, 100, 7, 72.1164, 12.0000
48, 250, 100, 8, 44.4696, 25.0000
48, 250, 100, 9, 52.4094,  3.0000
48, 250, 100,10,131.0439,  4.0007
48, 250, 100,11, 99.9770,  3.0000
48, 250, 100,12,157.4122, 40.0001
49, 250, 150, 1, 94.1019, 20.0000
49, 250, 150, 2, 60.5172,  5.0000
49, 250, 150, 3,158.8163,  5.0015
49, 250, 150, 4,327.9225,  3.6558
49, 250, 150, 5,534.6588, 22.0693
49, 250, 150, 6,142.3748,  2.0000
49, 250, 150, 7, 91.4457, 12.0000
49, 250, 150, 8, 56.7553, 25.0000
49, 250, 150, 9, 81.8576,  3.0000
49, 250, 150,10,183.4894,  4.0027
49, 250, 150,11,149.9811,  3.0000
49, 250, 150,12,192.3246, 40.0002
50, 250, 200, 1,105.5343, 20.0000
50, 250, 200, 2, 76.3399,  5.0000
50, 250, 200, 3,188.3032,  5.0030
50, 250, 200, 4,406.4828,  3.8130
50, 250, 200, 5,676.2980, 22.3526
50, 250, 200, 6,189.2063,  2.0000
50, 250, 200, 7,111.7421, 12.0000
50, 250, 200, 8, 69.8428, 25.0000
50, 250, 200, 9,112.8664,  3.0000
50, 250, 200,10,239.3898,  4.0079
50, 250, 200,11,199.9724,  3.0000
50, 250, 200,12,227.7205, 40.0004
51, 250, 250, 1,115.5195, 20.0000
51, 250, 250, 2, 90.1598,  5.0000
51, 250, 250, 3,214.5180,  5.0051
51, 250, 250, 4,484.4168,  3.9688
51, 250, 250, 5,818.2206, 22.6364
51, 250, 250, 6,235.7769,  2.0000
51, 250, 250, 7,133.1205, 12.0000
51, 250, 250, 8, 83.8194, 25.0000
51, 250, 250, 9,145.6171,  3.0000
51, 250, 250,10,299.0963,  4.0192
51, 250, 250,11,249.9844,  3.0000
51, 250, 250,12,263.6299, 40.0007
52, 250, 300, 1,123.9721, 20.0000
52, 250, 300, 2,101.8585,  5.0000
52, 250, 300, 3,236.2856,  5.0075
52, 250, 300, 4,508.6855,  4.0174
52, 250, 300, 5,859.2084, 22.7184
52, 250, 300, 6,249.9894,  2.0000
52, 250, 300, 7,134.7240, 12.0000
52, 250, 300, 8, 84.9905, 25.0000
52, 250, 300, 9,148.1309,  3.0000
52, 250, 300,10,304.1133,  4.0205
52, 250, 300,11,265.5324,  3.0000
52, 250, 300,12,274.8665, 40.0009
53, 250, 350, 1,123.9721, 20.0000
53, 250, 350, 2,101.8585,  5.0000
53, 250, 350, 3,236.2856,  5.0075
53, 250, 350, 4,508.6855,  4.0174
53, 250, 350, 5,859.2084, 22.7184
53, 250, 350, 6,249.9894,  2.0000
53, 250, 350, 7,134.7240, 12.0000
53, 250, 350, 8, 84.9905, 25.0000
53, 250, 350, 9,148.1309,  3.0000
53, 250, 350,10,304.1133,  4.0205
53, 250, 350,11,265.5324,  3.0000
53, 250, 350,12,274.8665, 40.0009
54, 250, 400, 1,123.9721, 20.0000
54, 250, 400, 2,101.8585,  5.0000
54, 250, 400, 3,236.2856,  5.0075
54, 250, 400, 4,508.6855,  4.0174
54, 250, 400, 5,859.2084, 22.7184
54, 250, 400, 6,249.9894,  2.0000
54, 250, 400, 7,134.7240, 12.0000
54, 250, 400, 8, 84.9905, 25.0000
54, 250, 400, 9,148.1309,  3.0000
54, 250, 400,10,304.1133,  4.0205
54, 250, 400,11,265.5324,  3.0000
54, 250, 400,12,274.8665, 40.0009
55, 300,   0, 1,133.0312, 20.0000
55, 300,   0, 2,114.3966,  5.0000
55, 300,   0, 3,135.5840,  5.0008
55, 300,   0, 4,592.1613,  4.1843
55, 300,   0, 5,693.3673, 22.3867
55, 300,   0, 6,300.0165,  2.0000
55, 300,   0, 7,159.1136, 12.0000
55, 300,   0, 8,101.2059, 25.0000
55, 300,   0, 9,185.6199,  3.0000
55, 300,   0,10,175.4734,  4.0023
55, 300,   0,11,  0.0000,  3.0000
55, 300,   0,12,311.0574, 40.0014
56, 300,  50, 1, 66.5989, 20.0000
56, 300,  50, 2, 22.4522,  5.0000
56, 300,  50, 3, 89.5845,  5.0002
56, 300,  50, 4,168.6527,  3.3373
56, 300,  50, 5,251.9327, 21.5039
56, 300,  50, 6, 47.7699,  2.0000
56, 300,  50, 7, 54.2839, 12.0000
56, 300,  50, 8, 33.2984, 25.0000
56, 300,  50, 9, 25.3178,  3.0000
56, 300,  50,10, 83.3910,  4.0001
56, 300,  50,11, 49.9816,  3.0000
56, 300,  50,12,122.9940, 40.0000
57, 300, 100, 1, 81.3096, 20.0000
57, 300, 100, 2, 42.8122,  5.0000
57, 300, 100, 3,126.3453,  5.0006
57, 300, 100, 4,248.6476,  3.4973
57, 300, 100, 5,393.0942, 21.7862
57, 300, 100, 6, 95.2216,  2.0000
57, 300, 100, 7, 72.1164, 12.0000
57, 300, 100, 8, 44.4696, 25.0000
57, 300, 100, 9, 52.4094,  3.0000
57, 300, 100,10,131.0439,  4.0007
57, 300, 100,11, 99.9770,  3.0000
57, 300, 100,12,157.4122, 40.0001
58, 300, 150, 1, 94.1019, 20.0000
58, 300, 150, 2, 60.5172,  5.0000
58, 300, 150, 3,158.8163,  5.0015
58, 300, 150, 4,327.9225,  3.6558
58, 300, 150, 5,534.6588, 22.0693
58, 300, 150, 6,142.3748,  2.0000
58, 300, 150, 7, 91.4457, 12.0000
58, 300, 150, 8, 56.7553, 25.0000
58, 300, 150, 9, 81.8576,  3.0000
58, 300, 150,10,183.4894,  4.0027
58, 300, 150,11,149.9811,  3.0000
58, 300, 150,12,192.3246, 40.0002
59, 300, 200, 1,105.5343, 20.0000
59, 300, 200, 2, 76.3399,  5.0000
59, 300, 200, 3,188.3032,  5.0030
59, 300, 200, 4,406.4828,  3.8130
59, 300, 200, 5,676.2980, 22.3526
59, 300, 200, 6,189.2063,  2.0000
59, 300, 200, 7,111.7421, 12.0000
59, 300, 200, 8, 69.8428, 25.0000
59, 300, 200, 9,112.8664,  3.0000
59, 300, 200,10,239.3898,  4.0079
59, 300, 200,11,199.9724,  3.0000
59, 300, 200,12,227.7205, 40.0004
60, 300, 250, 1,115.5195, 20.0000
60, 300, 250, 2, 90.1598,  5.0000
60, 300, 250, 3,214.5180,  5.0051
60, 300, 250, 4,484.4168,  3.9688
60, 300, 250, 5,818.2206, 22.6364
60, 300, 250, 6,235.7769,  2.0000
60, 300, 250, 7,133.1205, 12.0000
60, 300, 250, 8, 83.8194, 25.0000
60, 300, 250, 9,145.6171,  3.0000
60, 300, 250,10,299.0963,  4.0192
60, 300, 250,11,249.9844,  3.0000
60, 300, 250,12,263.6299, 40.0007
61, 300, 300, 1,124.2499, 20.0000
61, 300, 300, 2,102.2431,  5.0000
61, 300, 300, 3,237.8792,  5.0077
61, 300, 300, 4,561.7477,  4.1235
61, 300, 300, 5,960.3220, 22.9206
61, 300, 300, 6,282.0925,  2.0000
61, 300, 300, 7,155.4052, 12.0000
61, 300, 300, 8, 98.5890, 25.0000
61, 300, 300, 9,179.8494,  3.0000
61, 300, 300,10,362.1429,  4.0413
61, 300, 300,11,299.9854,  3.0000
61, 300, 300,12,300.0367, 40.0012
62, 300, 350, 1,135.0493, 20.0000
62, 300, 350, 2,117.1896,  5.0000
62, 300, 350, 3,265.9368,  5.0120
62, 300, 350, 4,592.3452,  4.1847
62, 300, 350, 5,1012.1098, 23.0242
62, 300, 350, 6,300.0135,  2.0000
62, 300, 350, 7,157.2825, 12.0000
62, 300, 350, 8,100.0284, 25.0000
62, 300, 350, 9,182.8238,  3.0000
62, 300, 350,10,368.3075,  4.0442
62, 300, 350,11,319.7362,  3.0000
62, 300, 350,12,314.5080, 40.0015
63, 300, 400, 1,135.0493, 20.0000
63, 300, 400, 2,117.1896,  5.0000
63, 300, 400, 3,265.9368,  5.0120
63, 300, 400, 4,592.3452,  4.1847
63, 300, 400, 5,1012.1098, 23.0242
63, 300, 400, 6,300.0135,  2.0000
63, 300, 400, 7,157.2825, 12.0000
63, 300, 400, 8,100.0284, 25.0000
63, 300, 400, 9,182.8238,  3.0000
63, 300, 400,10,368.3075,  4.0442
63, 300, 400,11,319.7362,  3.0000
63, 300, 400,12,314.5080, 40.0015
64, 350,   0, 1,142.3150, 20.0000
64, 350,   0, 2,127.2456,  5.0000
64, 350,   0, 3,146.1156,  5.0011
64, 350,   0, 4,675.4658,  4.3509
64, 350,   0, 5,792.9402, 22.5859
64, 350,   0, 6,349.9758,  2.0000
64, 350,   0, 7,183.1751, 12.0000
64, 350,   0, 8,117.4744, 25.0000
64, 350,   0, 9,222.7302,  3.0000
64, 350,   0,10,204.1588,  4.0042
64, 350,   0,11,  0.0000,  3.0000
64, 350,   0,12,350.2743, 40.0023
65, 350,  50, 1, 66.5989, 20.0000
65, 350,  50, 2, 22.4522,  5.0000
65, 350,  50, 3, 89.5845,  5.0002
65, 350,  50, 4,168.6527,  3.3373
65, 350,  50, 5,251.9327, 21.5039
65, 350,  50, 6, 47.7699,  2.0000
65, 350,  50, 7, 54.2839, 12.0000
65, 350,  50, 8, 33.2984, 25.0000
65, 350,  50, 9, 25.3178,  3.0000
65, 350,  50,10, 83.3910,  4.0001
65, 350,  50,11, 49.9816,  3.0000
65, 350,  50,12,122.9940, 40.0000
66, 350, 100, 1, 81.3096, 20.0000
66, 350, 100, 2, 42.8122,  5.0000
66, 350, 100, 3,126.3453,  5.0006
66, 350, 100, 4,248.6476,  3.4973
66, 350, 100, 5,393.0942, 21.7862
66, 350, 100, 6, 95.2216,  2.0000
66, 350, 100, 7, 72.1164, 12.0000
66, 350, 100, 8, 44.4696, 25.0000
66, 350, 100, 9, 52.4094,  3.0000
66, 350, 100,10,131.0439,  4.0007
66, 350, 100,11, 99.9770,  3.0000
66, 350, 100,12,157.4122, 40.0001
67, 350, 150, 1, 94.1019, 20.0000
67, 350, 150, 2, 60.5172,  5.0000
67, 350, 150, 3,158.8163,  5.0015
67, 350, 150, 4,327.9225,  3.6558
67, 350, 150, 5,534.6588, 22.0693
67, 350, 150, 6,142.3748,  2.0000
67, 350, 150, 7, 91.4457, 12.0000
67, 350, 150, 8, 56.7553, 25.0000
67, 350, 150, 9, 81.8576,  3.0000
67, 350, 150,10,183.4894,  4.0027
67, 350, 150,11,149.9811,  3.0000
67, 350, 150,12,192.3246, 40.0002
68, 350, 200, 1,105.5343, 20.0000
68, 350, 200, 2, 76.3399,  5.0000
68, 350, 200, 3,188.3032,  5.0030
68, 350, 200, 4,406.4828,  3.8130
68, 350, 200, 5,676.2980, 22.3526
68, 350, 200, 6,189.2063,  2.0000
68, 350, 200, 7,111.7421, 12.0000
68, 350, 200, 8, 69.8428, 25.0000
68, 350, 200, 9,112.8664,  3.0000
68, 350, 200,10,239.3898,  4.0079
68, 350, 200,11,199.9724,  3.0000
68, 350, 200,12,227.7205, 40.0004
69, 350, 250, 1,115.5195, 20.0000
69, 350, 250, 2, 90.1598,  5.0000
69, 350, 250, 3,214.5180,  5.0051
69, 350, 250, 4,484.4168,  3.9688
69, 350, 250, 5,818.2206, 22.6364
69, 350, 250, 6,235.7769,  2.0000
69, 350, 250, 7,133.1205, 12.0000
69, 350, 250, 8, 83.8194, 25.0000
69, 350, 250, 9,145.6171,  3.0000
69, 350, 250,10,299.0963,  4.0192
69, 350, 250,11,249.9844,  3.0000
69, 350, 250,12,263.6299, 40.0007
70, 350, 300, 1,124.2499, 20.0000
70, 350, 300, 2,102.2431,  5.0000
70, 350, 300, 3,237.8792,  5.0077
70, 350, 300, 4,561.7477,  4.1235
70, 350, 300, 5,960.3220, 22.9206
70, 350, 300, 6,282.0925,  2.0000
70, 350, 300, 7,155.4052, 12.0000
70, 350, 300, 8, 98.5890, 25.0000
70, 350, 300, 9,179.8494,  3.0000
70, 350, 300,10,362.1429,  4.0413
70, 350, 300,11,299.9854,  3.0000
70, 350, 300,12,300.0367, 40.0012
71, 350, 350, 1,131.8118, 20.0000
71, 350, 350, 2,112.7089,  5.0000
71, 350, 350, 3,258.5460,  5.0107
71, 350, 350, 4,638.6582,  4.2773
71, 350, 350, 5,1102.8357, 23.2057
71, 350, 350, 6,328.2614,  2.0000
71, 350, 350, 7,178.5850, 12.0000
71, 350, 350, 8,114.1589, 25.0000
71, 350, 350, 9,215.5525,  3.0000
71, 350, 350,10,428.4517,  4.0809
71, 350, 350,11,350.0186,  3.0000
71, 350, 350,12,336.9791, 40.0019
72, 350, 400, 1,145.1264, 20.0000
72, 350, 400, 2,131.1366,  5.0000
72, 350, 400, 3,293.4313,  5.0178
72, 350, 400, 4,675.7939,  4.3516
72, 350, 400, 5,1165.7965, 23.3316
72, 350, 400, 6,350.0128,  2.0000
72, 350, 400, 7,180.6548, 12.0000
72, 350, 400, 8,115.8411, 25.0000
72, 350, 400, 9,218.8762,  3.0000
72, 350, 400,10,435.6428,  4.0864
72, 350, 400,11,374.1614,  3.0000
72, 350, 400,12,354.9128, 40.0024
73, 400,   0, 1,150.5024, 20.0000
73, 400,   0, 2,138.5774,  5.0000
73, 400,   0, 3,155.6729,  5.0014
73, 400,   0, 4,758.6549,  4.5173
73, 400,   0, 5,893.2765, 22.7866
73, 400,   0, 6,399.9777,  2.0000
73, 400,   0, 7,208.1748, 12.0000
73, 400,   0, 8,134.6215, 25.0000
73, 400,   0, 9,261.4003,  3.0000
73, 400,   0,10,234.5162,  4.0073
73, 400,   0,11,  0.0000,  3.0000
73, 400,   0,12,390.1891, 40.0035
74, 400,  50, 1, 66.5989, 20.0000
74, 400,  50, 2, 22.4522,  5.0000
74, 400,  50, 3, 89.5845,  5.0002
74, 400,  50, 4,168.6527,  3.3373
74, 400,  50, 5,251.9327, 21.5039
74, 400,  50, 6, 47.7699,  2.0000
74, 400,  50, 7, 54.2839, 12.0000
74, 400,  50, 8, 33.2984, 25.0000
74, 400,  50, 9, 25.3178,  3.0000
74, 400,  50,10, 83.3910,  4.0001
74, 400,  50,11, 49.9816,  3.0000
74, 400,  50,12,122.9940, 40.0000
75, 400, 100, 1, 81.3096, 20.0000
75, 400, 100, 2, 42.8122,  5.0000
75, 400, 100, 3,126.3453,  5.0006
75, 400, 100, 4,248.6476,  3.4973
75, 400, 100, 5,393.0942, 21.7862
75, 400, 100, 6, 95.2216,  2.0000
75, 400, 100, 7, 72.1164, 12.0000
75, 400, 100, 8, 44.4696, 25.0000
75, 400, 100, 9, 52.4094,  3.0000
75, 400, 100,10,131.0439,  4.0007
75, 400, 100,11, 99.9770,  3.0000
75, 400, 100,12,157.4122, 40.0001
76, 400, 150, 1, 94.1019, 20.0000
76, 400, 150, 2, 60.5172,  5.0000
76, 400, 150, 3,158.8163,  5.0015
76, 400, 150, 4,327.9225,  3.6558
76, 400, 150, 5,534.6588, 22.0693
76, 400, 150, 6,142.3748,  2.0000
76, 400, 150, 7, 91.4457, 12.0000
76, 400, 150, 8, 56.7553, 25.0000
76, 400, 150, 9, 81.8576,  3.0000
76, 400, 150,10,183.4894,  4.0027
76, 400, 150,11,149.9811,  3.0000
76, 400, 150,12,192.3246, 40.0002
77, 400, 200, 1,105.5343, 20.0000
77, 400, 200, 2, 76.3399,  5.0000
77, 400, 200, 3,188.3032,  5.0030
77, 400, 200, 4,406.4828,  3.8130
77, 400, 200, 5,676.2980, 22.3526
77, 400, 200, 6,189.2063,  2.0000
77, 400, 200, 7,111.7421, 12.0000
77, 400, 200, 8, 69.8428, 25.0000
77, 400, 200, 9,112.8664,  3.0000
77, 400, 200,10,239.3898,  4.0079
77, 400, 200,11,199.9724,  3.0000
77, 400, 200,12,227.7205, 40.0004
78, 400, 250, 1,115.5195, 20.0000
78, 400, 250, 2, 90.1598,  5.0000
78, 400, 250, 3,214.5180,  5.0051
78, 400, 250, 4,484.4168,  3.9688
78, 400, 250, 5,818.2206, 22.6364
78, 400, 250, 6,235.7769,  2.0000
78, 400, 250, 7,133.1205, 12.0000
78, 400, 250, 8, 83.8194, 25.0000
78, 400, 250, 9,145.6171,  3.0000
78, 400, 250,10,299.0963,  4.0192
78, 400, 250,11,249.9844,  3.0000
78, 400, 250,12,263.6299, 40.0007
79, 400, 300, 1,124.2499, 20.0000
79, 400, 300, 2,102.2431,  5.0000
79, 400, 300, 3,237.8792,  5.0077
79, 400, 300, 4,561.7477,  4.1235
79, 400, 300, 5,960.3220, 22.9206
79, 400, 300, 6,282.0925,  2.0000
79, 400, 300, 7,155.4052, 12.0000
79, 400, 300, 8, 98.5890, 25.0000
79, 400, 300, 9,179.8494,  3.0000
79, 400, 300,10,362.1429,  4.0413
79, 400, 300,11,299.9854,  3.0000
79, 400, 300,12,300.0367, 40.0012
80, 400, 350, 1,131.8118, 20.0000
80, 400, 350, 2,112.7089,  5.0000
80, 400, 350, 3,258.5460,  5.0107
80, 400, 350, 4,638.6582,  4.2773
80, 400, 350, 5,1102.8357, 23.2057
80, 400, 350, 6,328.2614,  2.0000
80, 400, 350, 7,178.5850, 12.0000
80, 400, 350, 8,114.1589, 25.0000
80, 400, 350, 9,215.5525,  3.0000
80, 400, 350,10,428.4517,  4.0809
80, 400, 350,11,350.0186,  3.0000
80, 400, 350,12,336.9791, 40.0019
81, 400, 400, 1,138.2087, 20.0000
81, 400, 400, 2,121.5624,  5.0000
81, 400, 400, 3,276.4731,  5.0140
81, 400, 400, 4,715.1598,  4.4303
81, 400, 400, 5,1245.6798, 23.4914
81, 400, 400, 6,374.2930,  2.0000
81, 400, 400, 7,202.6580, 12.0000
81, 400, 400, 8,130.5432, 25.0000
81, 400, 400, 9,252.7306,  3.0000
81, 400, 400,10,497.8920,  4.1475
81, 400, 400,11,399.9768,  3.0000
81, 400, 400,12,374.3883, 40.0029
