CaseId,b52,b73,pid,flow,cost
 1,   0,   0, 1, 50.3766, 44.3978
 1,   0,   0, 2, 49.6234, 45.0000
 1,   0,   0, 3,  0.0000, 31.3978
 1,   0,   0, 4,  0.0000, 29.2219
 1,   0,   0, 5, 22.9882, 46.2219
 1,   0,   0, 6, 39.4423, 44.0000
 1,   0,   0, 7, 37.5695, 36.3978
 1,   0,   0, 8,  0.0000, 29.3978
 1,   0,   0, 9,  0.0000, 28.2219
 2,   0,  50, 1, 66.6915, 44.6503
 2,   0,  50, 2, 65.7962, 45.0002
 2,   0,  50, 3,  0.0000, 31.6503
 2,   0,  50, 4, 23.8819, 29.4085
 2,   0,  50, 5, 33.2486, 46.4084
 2,   0,  50, 6, 57.1106, 44.0001
 2,   0,  50, 7, 54.2826, 36.6503
 2,   0,  50, 8,  0.0000, 29.6503
 2,   0,  50, 9, 26.0904, 28.4085
 3,   0, 100, 1, 81.5340, 44.9039
 3,   0, 100, 2, 80.7055, 45.0007
 3,   0, 100, 3,  0.0000, 31.9039
 3,   0, 100, 4, 45.6831, 29.5969
 3,   0, 100, 5, 44.3653, 46.5963
 3,   0, 100, 6, 76.3889, 44.0008
 3,   0, 100, 7, 72.2765, 36.9039
 3,   0, 100, 8,  0.0000, 29.9039
 3,   0, 100, 9, 54.3024, 28.5970
 4,   0, 150, 1, 94.8596, 45.1585
 4,   0, 150, 2, 94.2812, 45.0018
 4,   0, 150, 3,  0.0000, 32.1585
 4,   0, 150, 4, 65.3261, 29.7872
 4,   0, 150, 5, 56.3657, 46.7857
 4,   0, 150, 6, 97.3418, 44.0028
 4,   0, 150, 7, 91.5834, 37.1585
 4,   0, 150, 8,  0.0000, 30.1585
 4,   0, 150, 9, 84.6965, 28.7883
 5,   0, 200, 1,106.8190, 45.4133
 5,   0, 200, 2,106.6476, 45.0035
 5,   0, 200, 3,  0.0000, 32.4133
 5,   0, 200, 4, 83.0204, 29.9788
 5,   0, 200, 5, 69.1182, 46.9757
 5,   0, 200, 6,119.7543, 44.0079
 5,   0, 200, 7,111.9788, 37.4133
 5,   0, 200, 8,  0.0000, 30.4133
 5,   0, 200, 9,116.9249, 28.9833
 6,   0, 250, 1,117.4071, 45.6698
 6,   0, 250, 2,117.7750, 45.0060
 6,   0, 250, 3,  0.0000, 32.6698
 6,   0, 250, 4, 98.7476, 30.1729
 6,   0, 250, 5, 82.7463, 47.1677
 6,   0, 250, 6,143.8479, 44.0189
 6,   0, 250, 7,133.6511, 37.6698
 6,   0, 250, 8,  0.0000, 30.6698
 6,   0, 250, 9,151.2769, 29.1859
 7,   0, 300, 1,126.9104, 45.9262
 7,   0, 300, 2,127.9325, 45.0092
 7,   0, 300, 3,  0.0000, 32.9262
 7,   0, 300, 4,112.9208, 30.3681
 7,   0, 300, 5, 96.9843, 47.3600
 7,   0, 300, 6,169.1517, 44.0398
 7,   0, 300, 7,156.1633, 37.9262
 7,   0, 300, 8,  0.0000, 30.9262
 7,   0, 300, 9,187.0394, 29.3987
 8,   0, 350, 1,135.1807, 46.1841
 8,   0, 350, 2,136.9472, 45.0132
 8,   0, 350, 3,  0.0000, 33.1841
 8,   0, 350, 4,125.3127, 30.5654
 8,   0, 350, 5,112.0391, 47.5541
 8,   0, 350, 6,196.0008, 44.0770
 8,   0, 350, 7,179.8365, 38.1841
 8,   0, 350, 8,  0.0000, 31.1841
 8,   0, 350, 9,224.6673, 29.6292
 9,   0, 400, 1,142.3995, 46.4432
 9,   0, 400, 2,144.9840, 45.0178
 9,   0, 400, 3,  0.0000, 33.4432
 9,   0, 400, 4,136.1839, 30.7644
 9,   0, 400, 5,127.8119, 47.7494
 9,   0, 400, 6,224.1653, 44.1389
 9,   0, 400, 7,204.5016, 38.4432
 9,   0, 400, 8,  0.0000, 31.4432
 9,   0, 400, 9,263.8018, 29.8855
10,  50,   0, 1, 67.7149, 44.7568
10,  50,   0, 2, 66.8566, 45.0001
10,  50,   0, 3, 23.9968, 31.7568
10,  50,   0, 4,  0.0000, 29.4120
10,  50,   0, 5, 33.5697, 46.4119
10,  50,   0, 6, 57.6362, 44.0001
10,  50,   0, 7, 54.7172, 36.7568
10,  50,   0, 8, 25.9760, 29.7568
10,  50,   0, 9,  0.0000, 28.4120
11,  50,  50, 1, 66.5979, 44.8411
11,  50,  50, 2, 65.7803, 45.0002
11,  50,  50, 3, 22.4508, 31.8411
11,  50,  50, 4, 23.8016, 29.5039
11,  50,  50, 5, 33.2939, 46.5038
11,  50,  50, 6, 57.2049, 44.0002
11,  50,  50, 7, 54.2766, 36.8411
11,  50,  50, 8, 25.3068, 29.8411
11,  50,  50, 9, 26.1671, 28.5039
12,  50, 100, 1, 67.7319, 44.8614
12,  50, 100, 2, 66.9186, 45.0002
12,  50, 100, 3, 24.0202, 31.8614
12,  50, 100, 4, 25.4703, 29.5168
12,  50, 100, 5, 33.5623, 46.5166
12,  50, 100, 6, 57.6711, 44.0002
12,  50, 100, 7, 54.7053, 36.8614
12,  50, 100, 8, 25.9579, 29.8614
12,  50, 100, 9, 26.8454, 28.5167
13,  50, 150, 1, 67.7319, 44.8614
13,  50, 150, 2, 66.9186, 45.0002
13,  50, 150, 3, 24.0202, 31.8614
13,  50, 150, 4, 25.4703, 29.5168
13,  50, 150, 5, 33.5623, 46.5166
13,  50, 150, 6, 57.6711, 44.0002
13,  50, 150, 7, 54.7053, 36.8614
13,  50, 150, 8, 25.9579, 29.8614
13,  50, 150, 9, 26.8454, 28.5167
14,  50, 200, 1, 67.7319, 44.8614
14,  50, 200, 2, 66.9186, 45.0002
14,  50, 200, 3, 24.0202, 31.8614
14,  50, 200, 4, 25.4703, 29.5168
14,  50, 200, 5, 33.5623, 46.5166
14,  50, 200, 6, 57.6711, 44.0002
14,  50, 200, 7, 54.7053, 36.8614
14,  50, 200, 8, 25.9579, 29.8614
14,  50, 200, 9, 26.8454, 28.5167
15,  50, 250, 1, 67.7319, 44.8614
15,  50, 250, 2, 66.9186, 45.0002
15,  50, 250, 3, 24.0202, 31.8614
15,  50, 250, 4, 25.4703, 29.5168
15,  50, 250, 5, 33.5623, 46.5166
15,  50, 250, 6, 57.6711, 44.0002
15,  50, 250, 7, 54.7053, 36.8614
15,  50, 250, 8, 25.9579, 29.8614
15,  50, 250, 9, 26.8454, 28.5167
16,  50, 300, 1, 67.7319, 44.8614
16,  50, 300, 2, 66.9186, 45.0002
16,  50, 300, 3, 24.0202, 31.8614
16,  50, 300, 4, 25.4703, 29.5168
16,  50, 300, 5, 33.5623, 46.5166
16,  50, 300, 6, 57.6711, 44.0002
16,  50, 300, 7, 54.7053, 36.8614
16,  50, 300, 8, 25.9579, 29.8614
16,  50, 300, 9, 26.8454, 28.5167
17,  50, 350, 1, 67.7319, 44.8614
17,  50, 350, 2, 66.9186, 45.0002
17,  50, 350, 3, 24.0202, 31.8614
17,  50, 350, 4, 25.4703, 29.5168
17,  50, 350, 5, 33.5623, 46.5166
17,  50, 350, 6, 57.6711, 44.0002
17,  50, 350, 7, 54.7053, 36.8614
17,  50, 350, 8, 25.9579, 29.8614
17,  50, 350, 9, 26.8454, 28.5167
18,  50, 400, 1, 67.7319, 44.8614
18,  50, 400, 2, 66.9186, 45.0002
18,  50, 400, 3, 24.0202, 31.8614
18,  50, 400, 4, 25.4703, 29.5168
18,  50, 400, 5, 33.5623, 46.5166
18,  50, 400, 6, 57.6711, 44.0002
18,  50, 400, 7, 54.7053, 36.8614
18,  50, 400, 8, 25.9579, 29.8614
18,  50, 400, 9, 26.8454, 28.5167
19, 100,   0, 1, 83.5089, 45.1171
19, 100,   0, 2, 82.8525, 45.0002
19, 100,   0, 3, 45.8560, 32.1171
19, 100,   0, 4,  0.0000, 29.6038
19, 100,   0, 5, 45.1745, 46.6037
19, 100,   0, 6, 77.6732, 44.0002
19, 100,   0, 7, 73.2213, 37.1171
19, 100,   0, 8, 54.0940, 30.1171
19, 100,   0, 9,  0.0000, 28.6038
20, 100,  50, 1, 66.5989, 44.8412
20, 100,  50, 2, 65.7814, 45.0002
20, 100,  50, 3, 22.4522, 31.8412
20, 100,  50, 4, 23.8031, 29.5040
20, 100,  50, 5, 33.2984, 46.5039
20, 100,  50, 6, 57.2126, 44.0002
20, 100,  50, 7, 54.2839, 36.8412
20, 100,  50, 8, 25.3178, 29.8412
20, 100,  50, 9, 26.1784, 28.5040
21, 100, 100, 1, 81.1666, 45.2840
21, 100, 100, 2, 80.6324, 45.0007
21, 100, 100, 3, 42.6145, 32.2840
21, 100, 100, 4, 45.3592, 29.7872
21, 100, 100, 5, 44.5666, 46.7866
21, 100, 100, 6, 76.8051, 44.0008
21, 100, 100, 7, 72.2726, 37.2840
21, 100, 100, 8, 52.6464, 30.2840
21, 100, 100, 9, 54.6536, 28.7873
22, 100, 150, 1, 83.8169, 45.3274
22, 100, 150, 2, 83.3377, 45.0008
22, 100, 150, 3, 46.2824, 32.3274
22, 100, 150, 4, 49.2832, 29.8146
22, 100, 150, 5, 45.0245, 46.8138
22, 100, 150, 6, 77.6141, 44.0009
22, 100, 150, 7, 72.9802, 37.3274
22, 100, 150, 8, 53.7282, 30.3274
22, 100, 150, 9, 55.7991, 28.8146
23, 100, 200, 1, 83.8169, 45.3274
23, 100, 200, 2, 83.3377, 45.0008
23, 100, 200, 3, 46.2824, 32.3274
23, 100, 200, 4, 49.2832, 29.8146
23, 100, 200, 5, 45.0245, 46.8138
23, 100, 200, 6, 77.6141, 44.0009
23, 100, 200, 7, 72.9802, 37.3274
23, 100, 200, 8, 53.7282, 30.3274
23, 100, 200, 9, 55.7991, 28.8146
24, 100, 250, 1, 83.8169, 45.3274
24, 100, 250, 2, 83.3377, 45.0008
24, 100, 250, 3, 46.2824, 32.3274
24, 100, 250, 4, 49.2832, 29.8146
24, 100, 250, 5, 45.0245, 46.8138
24, 100, 250, 6, 77.6141, 44.0009
24, 100, 250, 7, 72.9802, 37.3274
24, 100, 250, 8, 53.7282, 30.3274
24, 100, 250, 9, 55.7991, 28.8146
25, 100, 300, 1, 83.8169, 45.3274
25, 100, 300, 2, 83.3377, 45.0008
25, 100, 300, 3, 46.2824, 32.3274
25, 100, 300, 4, 49.2832, 29.8146
25, 100, 300, 5, 45.0245, 46.8138
25, 100, 300, 6, 77.6141, 44.0009
25, 100, 300, 7, 72.9802, 37.3274
25, 100, 300, 8, 53.7282, 30.3274
25, 100, 300, 9, 55.7991, 28.8146
26, 100, 350, 1, 83.8169, 45.3274
26, 100, 350, 2, 83.3377, 45.0008
26, 100, 350, 3, 46.2824, 32.3274
26, 100, 350, 4, 49.2832, 29.8146
26, 100, 350, 5, 45.0245, 46.8138
26, 100, 350, 6, 77.6141, 44.0009
26, 100, 350, 7, 72.9802, 37.3274
26, 100, 350, 8, 53.7282, 30.3274
26, 100, 350, 9, 55.7991, 28.8146
27, 100, 400, 1, 83.8169, 45.3274
27, 100, 400, 2, 83.3377, 45.0008
27, 100, 400, 3, 46.2824, 32.3274
27, 100, 400, 4, 49.2832, 29.8146
27, 100, 400, 5, 45.0245, 46.8138
27, 100, 400, 6, 77.6141, 44.0009
27, 100, 400, 7, 72.9802, 37.3274
27, 100, 400, 8, 53.7282, 30.3274
27, 100, 400, 9, 55.7991, 28.8146
28, 150,   0, 1, 97.9907, 45.4790
28, 150,   0, 2, 97.8110, 45.0004
28, 150,   0, 3, 65.8995, 32.4790
28, 150,   0, 4,  0.0000, 29.7974
28, 150,   0, 5, 57.7148, 46.7972
28, 150,   0, 6, 99.4171, 44.0005
28, 150,   0, 7, 92.9050, 37.4790
28, 150,   0, 8, 84.0958, 30.4790
28, 150,   0, 9,  0.0000, 28.7974
29, 150,  50, 1, 66.5989, 44.8412
29, 150,  50, 2, 65.7814, 45.0002
29, 150,  50, 3, 22.4522, 31.8412
29, 150,  50, 4, 23.8031, 29.5040
29, 150,  50, 5, 33.2984, 46.5039
29, 150,  50, 6, 57.2126, 44.0002
29, 150,  50, 7, 54.2839, 36.8412
29, 150,  50, 8, 25.3178, 29.8412
29, 150,  50, 9, 26.1784, 28.5040
30, 150, 100, 1, 81.3096, 45.2835
30, 150, 100, 2, 80.7758, 45.0007
30, 150, 100, 3, 42.8122, 32.2835
30, 150, 100, 4, 45.5695, 29.7868
30, 150, 100, 5, 44.4696, 46.7862
30, 150, 100, 6, 76.6365, 44.0008
30, 150, 100, 7, 72.1164, 37.2835
30, 150, 100, 8, 52.4094, 30.2835
30, 150, 100, 9, 54.4075, 28.7869
31, 150, 150, 1, 94.1019, 45.7252
31, 150, 150, 2, 94.1469, 45.0017
31, 150, 150, 3, 60.5172, 32.7252
31, 150, 150, 4, 64.6694, 30.0708
31, 150, 150, 5, 56.7553, 47.0693
31, 150, 150, 6, 98.1777, 44.0029
31, 150, 150, 7, 91.4457, 37.7252
31, 150, 150, 8, 81.8576, 30.7252
31, 150, 150, 9, 85.3117, 29.0720
32, 150, 200, 1, 98.4485, 45.7950
32, 150, 200, 2, 98.6575, 45.0022
32, 150, 200, 3, 66.5329, 32.7950
32, 150, 200, 4, 71.1430, 30.1151
32, 150, 200, 5, 57.4514, 47.1131
32, 150, 200, 6, 99.4300, 44.0031
32, 150, 200, 7, 92.4855, 37.7950
32, 150, 200, 8, 83.4582, 30.7950
32, 150, 200, 9, 87.0356, 29.1160
33, 150, 250, 1, 98.4485, 45.7950
33, 150, 250, 2, 98.6575, 45.0022
33, 150, 250, 3, 66.5329, 32.7950
33, 150, 250, 4, 71.1430, 30.1151
33, 150, 250, 5, 57.4514, 47.1131
33, 150, 250, 6, 99.4300, 44.0031
33, 150, 250, 7, 92.4855, 37.7950
33, 150, 250, 8, 83.4582, 30.7950
33, 150, 250, 9, 87.0356, 29.1160
34, 150, 300, 1, 98.4485, 45.7950
34, 150, 300, 2, 98.6575, 45.0022
34, 150, 300, 3, 66.5329, 32.7950
34, 150, 300, 4, 71.1430, 30.1151
34, 150, 300, 5, 57.4514, 47.1131
34, 150, 300, 6, 99.4300, 44.0031
34, 150, 300, 7, 92.4855, 37.7950
34, 150, 300, 8, 83.4582, 30.7950
34, 150, 300, 9, 87.0356, 29.1160
35, 150, 350, 1, 98.4485, 45.7950
35, 150, 350, 2, 98.6575, 45.0022
35, 150, 350, 3, 66.5329, 32.7950
35, 150, 350, 4, 71.1430, 30.1151
35, 150, 350, 5, 57.4514, 47.1131
35, 150, 350, 6, 99.4300, 44.0031
35, 150, 350, 7, 92.4855, 37.7950
35, 150, 350, 8, 83.4582, 30.7950
35, 150, 350, 9, 87.0356, 29.1160
36, 150, 400, 1, 98.4485, 45.7950
36, 150, 400, 2, 98.6575, 45.0022
36, 150, 400, 3, 66.5329, 32.7950
36, 150, 400, 4, 71.1430, 30.1151
36, 150, 400, 5, 57.4514, 47.1131
36, 150, 400, 6, 99.4300, 44.0031
36, 150, 400, 7, 92.4855, 37.7950
36, 150, 400, 8, 83.4582, 30.7950
36, 150, 400, 9, 87.0356, 29.1160
37, 200,   0, 1,110.9384, 45.8418
37, 200,   0, 2,111.4723, 45.0008
37, 200,   0, 3, 83.8194, 32.8418
37, 200,   0, 4,  0.0000, 29.9925
37, 200,   0, 5, 71.2813, 46.9922
37, 200,   0, 6,123.0380, 44.0010
37, 200,   0, 7,113.8796, 37.8418
37, 200,   0, 8,116.1601, 30.8418
37, 200,   0, 9,  0.0000, 28.9927
38, 200,  50, 1, 66.5989, 44.8412
38, 200,  50, 2, 65.7814, 45.0002
38, 200,  50, 3, 22.4522, 31.8412
38, 200,  50, 4, 23.8031, 29.5040
38, 200,  50, 5, 33.2984, 46.5039
38, 200,  50, 6, 57.2126, 44.0002
38, 200,  50, 7, 54.2839, 36.8412
38, 200,  50, 8, 25.3178, 29.8412
38, 200,  50, 9, 26.1784, 28.5040
39, 200, 100, 1, 81.3096, 45.2835
39, 200, 100, 2, 80.7758, 45.0007
39, 200, 100, 3, 42.8122, 32.2835
39, 200, 100, 4, 45.5695, 29.7868
39, 200, 100, 5, 44.4696, 46.7862
39, 200, 100, 6, 76.6365, 44.0008
39, 200, 100, 7, 72.1164, 37.2835
39, 200, 100, 8, 52.4094, 30.2835
39, 200, 100, 9, 54.4075, 28.7869
40, 200, 150, 1, 94.1019, 45.7252
40, 200, 150, 2, 94.1469, 45.0017
40, 200, 150, 3, 60.5172, 32.7252
40, 200, 150, 4, 64.6694, 30.0708
40, 200, 150, 5, 56.7553, 47.0693
40, 200, 150, 6, 98.1777, 44.0029
40, 200, 150, 7, 91.4457, 37.7252
40, 200, 150, 8, 81.8576, 30.7252
40, 200, 150, 9, 85.3117, 29.0720
41, 200, 200, 1,105.5487, 46.1656
41, 200, 200, 2,106.4224, 45.0034
41, 200, 200, 3, 76.3600, 33.1656
41, 200, 200, 4, 81.9172, 30.3556
41, 200, 200, 5, 69.8351, 47.3526
41, 200, 200, 6,121.2997, 44.0083
41, 200, 200, 7,111.7302, 38.1656
41, 200, 200, 8,112.8482, 31.1656
41, 200, 200, 9,118.0575, 29.3605
42, 200, 250, 1,111.8750, 46.2646
42, 200, 250, 2,113.0897, 45.0047
42, 200, 250, 3, 85.1157, 33.2646
42, 200, 250, 4, 91.3915, 30.4190
42, 200, 250, 5, 70.7552, 47.4148
42, 200, 250, 6,122.9886, 44.0089
42, 200, 250, 7,113.0476, 38.2646
42, 200, 250, 8,114.8938, 31.2646
42, 200, 250, 9,120.3067, 29.4232
43, 200, 300, 1,111.8750, 46.2646
43, 200, 300, 2,113.0897, 45.0047
43, 200, 300, 3, 85.1157, 33.2646
43, 200, 300, 4, 91.3915, 30.4190
43, 200, 300, 5, 70.7552, 47.4148
43, 200, 300, 6,122.9886, 44.0089
43, 200, 300, 7,113.0476, 38.2646
43, 200, 300, 8,114.8938, 31.2646
43, 200, 300, 9,120.3067, 29.4232
44, 200, 350, 1,111.8750, 46.2646
44, 200, 350, 2,113.0897, 45.0047
44, 200, 350, 3, 85.1157, 33.2646
44, 200, 350, 4, 91.3915, 30.4190
44, 200, 350, 5, 70.7552, 47.4148
44, 200, 350, 6,122.9886, 44.0089
44, 200, 350, 7,113.0476, 38.2646
44, 200, 350, 8,114.8938, 31.2646
44, 200, 350, 9,120.3067, 29.4232
45, 200, 400, 1,111.8750, 46.2646
45, 200, 400, 2,113.0897, 45.0047
45, 200, 400, 3, 85.1157, 33.2646
45, 200, 400, 4, 91.3915, 30.4190
45, 200, 400, 5, 70.7552, 47.4148
45, 200, 400, 6,122.9886, 44.0089
45, 200, 400, 7,113.0476, 38.2646
45, 200, 400, 8,114.8938, 31.2646
45, 200, 400, 9,120.3067, 29.4232
46, 250,   0, 1,122.6808, 46.2056
46, 250,   0, 2,124.1379, 45.0014
46, 250,   0, 3,100.0712, 33.2056
46, 250,   0, 4,  0.0000, 30.1891
46, 250,   0, 5, 85.7284, 47.1885
46, 250,   0, 6,148.2989, 44.0020
46, 250,   0, 7,135.8812, 38.2056
46, 250,   0, 8,149.8948, 31.2056
46, 250,   0, 9,  0.0000, 29.1897
47, 250,  50, 1, 66.5989, 44.8412
47, 250,  50, 2, 65.7814, 45.0002
47, 250,  50, 3, 22.4522, 31.8412
47, 250,  50, 4, 23.8031, 29.5040
47, 250,  50, 5, 33.2984, 46.5039
47, 250,  50, 6, 57.2126, 44.0002
47, 250,  50, 7, 54.2839, 36.8412
47, 250,  50, 8, 25.3178, 29.8412
47, 250,  50, 9, 26.1784, 28.5040
48, 250, 100, 1, 81.3096, 45.2835
48, 250, 100, 2, 80.7758, 45.0007
48, 250, 100, 3, 42.8122, 32.2835
48, 250, 100, 4, 45.5695, 29.7868
48, 250, 100, 5, 44.4696, 46.7862
48, 250, 100, 6, 76.6365, 44.0008
48, 250, 100, 7, 72.1164, 37.2835
48, 250, 100, 8, 52.4094, 30.2835
48, 250, 100, 9, 54.4075, 28.7869
49, 250, 150, 1, 94.1019, 45.7252
49, 250, 150, 2, 94.1469, 45.0017
49, 250, 150, 3, 60.5172, 32.7252
49, 250, 150, 4, 64.6694, 30.0708
49, 250, 150, 5, 56.7553, 47.0693
49, 250, 150, 6, 98.1777, 44.0029
49, 250, 150, 7, 91.4457, 37.7252
49, 250, 150, 8, 81.8576, 30.7252
49, 250, 150, 9, 85.3117, 29.0720
50, 250, 200, 1,105.5343, 46.1656
50, 250, 200, 2,106.4074, 45.0034
50, 250, 200, 3, 76.3399, 33.1656
50, 250, 200, 4, 81.8958, 30.3556
50, 250, 200, 5, 69.8428, 47.3526
50, 250, 200, 6,121.3131, 44.0083
50, 250, 200, 7,111.7421, 38.1656
50, 250, 200, 8,112.8664, 31.1656
50, 250, 200, 9,118.0767, 29.3605
51, 250, 250, 1,115.5195, 46.6053
51, 250, 250, 2,117.4241, 45.0058
51, 250, 250, 3, 90.1598, 33.6053
51, 250, 250, 4, 97.0939, 30.6415
51, 250, 250, 5, 83.8194, 47.6364
51, 250, 250, 6,146.2058, 44.0199
51, 250, 250, 7,133.1205, 38.6053
51, 250, 250, 8,145.6171, 31.6053
51, 250, 250, 9,152.8905, 29.6556
52, 250, 300, 1,123.9721, 46.7358
52, 250, 300, 2,126.4669, 45.0083
52, 250, 300, 3,101.8585, 33.7358
52, 250, 300, 4,109.8188, 30.7259
52, 250, 300, 5, 84.9905, 47.7184
52, 250, 300, 6,148.3996, 44.0214
52, 250, 300, 7,134.7240, 38.7358
52, 250, 300, 8,148.1309, 31.7358
52, 250, 300, 9,155.7137, 29.7389
53, 250, 350, 1,123.9721, 46.7358
53, 250, 350, 2,126.4669, 45.0083
53, 250, 350, 3,101.8585, 33.7358
53, 250, 350, 4,109.8188, 30.7259
53, 250, 350, 5, 84.9905, 47.7184
53, 250, 350, 6,148.3996, 44.0214
53, 250, 350, 7,134.7240, 38.7358
53, 250, 350, 8,148.1309, 31.7358
53, 250, 350, 9,155.7137, 29.7389
54, 250, 400, 1,123.9721, 46.7358
54, 250, 400, 2,126.4669, 45.0083
54, 250, 400, 3,101.8585, 33.7358
54, 250, 400, 4,109.8188, 30.7259
54, 250, 400, 5, 84.9905, 47.7184
54, 250, 400, 6,148.3996, 44.0214
54, 250, 400, 7,134.7240, 38.7358
54, 250, 400, 8,148.1309, 31.7358
54, 250, 400, 9,155.7137, 29.7389
55, 300,   0, 1,133.0312, 46.5711
55, 300,   0, 2,135.5840, 45.0022
55, 300,   0, 3,114.3966, 33.5711
55, 300,   0, 4,  0.0000, 30.3875
55, 300,   0, 5,101.2059, 47.3867
55, 300,   0, 6,175.4734, 44.0037
55, 300,   0, 7,159.1136, 38.5711
55, 300,   0, 8,185.6199, 31.5711
55, 300,   0, 9,  0.0000, 29.3890
56, 300,  50, 1, 66.5989, 44.8412
56, 300,  50, 2, 65.7814, 45.0002
56, 300,  50, 3, 22.4522, 31.8412
56, 300,  50, 4, 23.8031, 29.5040
56, 300,  50, 5, 33.2984, 46.5039
56, 300,  50, 6, 57.2126, 44.0002
56, 300,  50, 7, 54.2839, 36.8412
56, 300,  50, 8, 25.3178, 29.8412
56, 300,  50, 9, 26.1784, 28.5040
57, 300, 100, 1, 81.3096, 45.2835
57, 300, 100, 2, 80.7758, 45.0007
57, 300, 100, 3, 42.8122, 32.2835
57, 300, 100, 4, 45.5695, 29.7868
57, 300, 100, 5, 44.4696, 46.7862
57, 300, 100, 6, 76.6365, 44.0008
57, 300, 100, 7, 72.1164, 37.2835
57, 300, 100, 8, 52.4094, 30.2835
57, 300, 100, 9, 54.4075, 28.7869
58, 300, 150, 1, 94.1019, 45.7252
58, 300, 150, 2, 94.1469, 45.0017
58, 300, 150, 3, 60.5172, 32.7252
58, 300, 150, 4, 64.6694, 30.0708
58, 300, 150, 5, 56.7553, 47.0693
58, 300, 150, 6, 98.1777, 44.0029
58, 300, 150, 7, 91.4457, 37.7252
58, 300, 150, 8, 81.8576, 30.7252
58, 300, 150, 9, 85.3117, 29.0720
59, 300, 200, 1,105.5343, 46.1656
59, 300, 200, 2,106.4074, 45.0034
59, 300, 200, 3, 76.3399, 33.1656
59, 300, 200, 4, 81.8958, 30.3556
59, 300, 200, 5, 69.8428, 47.3526
59, 300, 200, 6,121.3131, 44.0083
59, 300, 200, 7,111.7421, 38.1656
59, 300, 200, 8,112.8664, 31.1656
59, 300, 200, 9,118.0767, 29.3605
60, 300, 250, 1,115.5195, 46.6053
60, 300, 250, 2,117.4241, 45.0058
60, 300, 250, 3, 90.1598, 33.6053
60, 300, 250, 4, 97.0939, 30.6415
60, 300, 250, 5, 83.8194, 47.6364
60, 300, 250, 6,146.2058, 44.0199
60, 300, 250, 7,133.1205, 38.6053
60, 300, 250, 8,145.6171, 31.6053
60, 300, 250, 9,152.8905, 29.6556
61, 300, 300, 1,124.2499, 47.0441
61, 300, 300, 2,127.3533, 45.0089
61, 300, 300, 3,102.2431, 34.0441
61, 300, 300, 4,110.5259, 30.9283
61, 300, 300, 5, 98.5890, 47.9206
61, 300, 300, 6,172.6834, 44.0425
61, 300, 300, 7,155.4052, 39.0441
61, 300, 300, 8,179.8494, 32.0441
61, 300, 300, 9,189.4595, 29.9619
62, 300, 350, 1,135.0493, 47.2089
62, 300, 350, 2,139.0735, 45.0135
62, 300, 350, 3,117.1896, 34.2089
62, 300, 350, 4,126.8633, 31.0362
62, 300, 350, 5,100.0284, 48.0242
62, 300, 350, 6,175.4346, 44.0456
62, 300, 350, 7,157.2825, 39.2089
62, 300, 350, 8,182.8238, 32.2089
62, 300, 350, 9,192.8729, 30.0684
63, 300, 400, 1,135.0493, 47.2089
63, 300, 400, 2,139.0735, 45.0135
63, 300, 400, 3,117.1896, 34.2089
63, 300, 400, 4,126.8633, 31.0362
63, 300, 400, 5,100.0284, 48.0242
63, 300, 400, 6,175.4346, 44.0456
63, 300, 400, 7,157.2825, 39.2089
63, 300, 400, 8,182.8238, 32.2089
63, 300, 400, 9,192.8729, 30.0684
64, 350,   0, 1,142.3150, 46.9368
64, 350,   0, 2,146.1156, 45.0034
64, 350,   0, 3,127.2456, 33.9368
64, 350,   0, 4,  0.0000, 30.5870
64, 350,   0, 5,117.4744, 47.5859
64, 350,   0, 6,204.1588, 44.0064
64, 350,   0, 7,183.1751, 38.9368
64, 350,   0, 8,222.7302, 31.9368
64, 350,   0, 9,  0.0000, 29.5900
65, 350,  50, 1, 66.5989, 44.8412
65, 350,  50, 2, 65.7814, 45.0002
65, 350,  50, 3, 22.4522, 31.8412
65, 350,  50, 4, 23.8031, 29.5040
65, 350,  50, 5, 33.2984, 46.5039
65, 350,  50, 6, 57.2126, 44.0002
65, 350,  50, 7, 54.2839, 36.8412
65, 350,  50, 8, 25.3178, 29.8412
65, 350,  50, 9, 26.1784, 28.5040
66, 350, 100, 1, 81.3096, 45.2835
66, 350, 100, 2, 80.7758, 45.0007
66, 350, 100, 3, 42.8122, 32.2835
66, 350, 100, 4, 45.5695, 29.7868
66, 350, 100, 5, 44.4696, 46.7862
66, 350, 100, 6, 76.6365, 44.0008
66, 350, 100, 7, 72.1164, 37.2835
66, 350, 100, 8, 52.4094, 30.2835
66, 350, 100, 9, 54.4075, 28.7869
67, 350, 150, 1, 94.1019, 45.7252
67, 350, 150, 2, 94.1469, 45.0017
67, 350, 150, 3, 60.5172, 32.7252
67, 350, 150, 4, 64.6694, 30.0708
67, 350, 150, 5, 56.7553, 47.0693
67, 350, 150, 6, 98.1777, 44.0029
67, 350, 150, 7, 91.4457, 37.7252
67, 350, 150, 8, 81.8576, 30.7252
67, 350, 150, 9, 85.3117, 29.0720
68, 350, 200, 1,105.5343, 46.1656
68, 350, 200, 2,106.4074, 45.0034
68, 350, 200, 3, 76.3399, 33.1656
68, 350, 200, 4, 81.8958, 30.3556
68, 350, 200, 5, 69.8428, 47.3526
68, 350, 200, 6,121.3131, 44.0083
68, 350, 200, 7,111.7421, 38.1656
68, 350, 200, 8,112.8664, 31.1656
68, 350, 200, 9,118.0767, 29.3605
69, 350, 250, 1,115.5195, 46.6053
69, 350, 250, 2,117.4241, 45.0058
69, 350, 250, 3, 90.1598, 33.6053
69, 350, 250, 4, 97.0939, 30.6415
69, 350, 250, 5, 83.8194, 47.6364
69, 350, 250, 6,146.2058, 44.0199
69, 350, 250, 7,133.1205, 38.6053
69, 350, 250, 8,145.6171, 31.6053
69, 350, 250, 9,152.8905, 29.6556
70, 350, 300, 1,124.2499, 47.0441
70, 350, 300, 2,127.3533, 45.0089
70, 350, 300, 3,102.2431, 34.0441
70, 350, 300, 4,110.5259, 30.9283
70, 350, 300, 5, 98.5890, 47.9206
70, 350, 300, 6,172.6834, 44.0425
70, 350, 300, 7,155.4052, 39.0441
70, 350, 300, 8,179.8494, 32.0441
70, 350, 300, 9,189.4595, 29.9619
71, 350, 350, 1,131.8118, 47.4830
71, 350, 350, 2,136.2465, 45.0127
71, 350, 350, 3,112.7089, 34.4830
71, 350, 350, 4,122.2995, 31.2164
71, 350, 350, 5,114.1589, 48.2057
71, 350, 350, 6,200.7325, 44.0828
71, 350, 350, 7,178.5850, 39.4830
71, 350, 350, 8,215.5525, 32.4830
71, 350, 350, 9,227.7191, 30.2865
72, 350, 400, 1,145.1264, 47.6832
72, 350, 400, 2,150.8965, 45.0202
72, 350, 400, 3,131.1366, 34.6832
72, 350, 400, 4,142.5348, 31.3494
72, 350, 400, 5,115.8411, 48.3316
72, 350, 400, 6,204.0163, 44.0888
72, 350, 400, 7,180.6548, 39.6832
72, 350, 400, 8,218.8762, 32.6832
72, 350, 400, 9,231.6265, 30.4180
73, 400,   0, 1,150.5024, 47.3039
73, 400,   0, 2,155.6729, 45.0049
73, 400,   0, 3,138.5774, 34.3039
73, 400,   0, 4,  0.0000, 30.7880
73, 400,   0, 5,134.6215, 47.7866
73, 400,   0, 6,234.5162, 44.0107
73, 400,   0, 7,208.1748, 39.3039
73, 400,   0, 8,261.4003, 32.3039
73, 400,   0, 9,  0.0000, 29.7938
74, 400,  50, 1, 66.5989, 44.8412
74, 400,  50, 2, 65.7814, 45.0002
74, 400,  50, 3, 22.4522, 31.8412
74, 400,  50, 4, 23.8031, 29.5040
74, 400,  50, 5, 33.2984, 46.5039
74, 400,  50, 6, 57.2126, 44.0002
74, 400,  50, 7, 54.2839, 36.8412
74, 400,  50, 8, 25.3178, 29.8412
74, 400,  50, 9, 26.1784, 28.5040
75, 400, 100, 1, 81.3096, 45.2835
75, 400, 100, 2, 80.7758, 45.0007
75, 400, 100, 3, 42.8122, 32.2835
75, 400, 100, 4, 45.5695, 29.7868
75, 400, 100, 5, 44.4696, 46.7862
75, 400, 100, 6, 76.6365, 44.0008
75, 400, 100, 7, 72.1164, 37.2835
75, 400, 100, 8, 52.4094, 30.2835
75, 400, 100, 9, 54.4075, 28.7869
76, 400, 150, 1, 94.1019, 45.7252
76, 400, 150, 2, 94.1469, 45.0017
76, 400, 150, 3, 60.5172, 32.7252
76, 400, 150, 4, 64.6694, 30.0708
76, 400, 150, 5, 56.7553, 47.0693
76, 400, 150, 6, 98.1777, 44.0029
76, 400, 150, 7, 91.4457, 37.7252
76, 400, 150, 8, 81.8576, 30.7252
76, 400, 150, 9, 85.3117, 29.0720
77, 400, 200, 1,105.5343, 46.1656
77, 400, 200, 2,106.4074, 45.0034
77, 400, 200, 3, 76.3399, 33.1656
77, 400, 200, 4, 81.8958, 30.3556
77, 400, 200, 5, 69.8428, 47.3526
77, 400, 200, 6,121.3131, 44.0083
77, 400, 200, 7,111.7421, 38.1656
77, 400, 200, 8,112.8664, 31.1656
77, 400, 200, 9,118.0767, 29.3605
78, 400, 250, 1,115.5195, 46.6053
78, 400, 250, 2,117.4241, 45.0058
78, 400, 250, 3, 90.1598, 33.6053
78, 400, 250, 4, 97.0939, 30.6415
78, 400, 250, 5, 83.8194, 47.6364
78, 400, 250, 6,146.2058, 44.0199
78, 400, 250, 7,133.1205, 38.6053
78, 400, 250, 8,145.6171, 31.6053
78, 400, 250, 9,152.8905, 29.6556
79, 400, 300, 1,124.2499, 47.0441
79, 400, 300, 2,127.3533, 45.0089
79, 400, 300, 3,102.2431, 34.0441
79, 400, 300, 4,110.5259, 30.9283
79, 400, 300, 5, 98.5890, 47.9206
79, 400, 300, 6,172.6834, 44.0425
79, 400, 300, 7,155.4052, 39.0441
79, 400, 300, 8,179.8494, 32.0441
79, 400, 300, 9,189.4595, 29.9619
80, 400, 350, 1,131.8118, 47.4830
80, 400, 350, 2,136.2465, 45.0127
80, 400, 350, 3,112.7089, 34.4830
80, 400, 350, 4,122.2995, 31.2164
80, 400, 350, 5,114.1589, 48.2057
80, 400, 350, 6,200.7325, 44.0828
80, 400, 350, 7,178.5850, 39.4830
80, 400, 350, 8,215.5525, 32.4830
80, 400, 350, 9,227.7191, 30.2865
81, 400, 400, 1,138.2087, 47.9217
81, 400, 400, 2,144.0717, 45.0170
81, 400, 400, 3,121.5624, 34.9217
81, 400, 400, 4,132.4014, 31.5054
81, 400, 400, 5,130.5432, 48.4914
81, 400, 400, 6,230.3166, 44.1504
81, 400, 400, 7,202.6580, 39.9217
81, 400, 400, 8,252.7306, 32.9217
81, 400, 400, 9,267.5755, 30.6388
